52.171974000 4.417091000
52.170754671 4.416307639
52.170431038 4.416620167
52.170908546 4.415884869
52.170913564 4.415693244
52.170258020 4.416702693
52.170106809 4.416744627
52.170890370 4.415538049
52.170849580 4.415404632
52.169968336 4.416761630
52.169846244 4.416760564
52.170798948 4.415293528
52.170735152 4.415189424
52.169725191 4.416744627
52.169606983 4.416714057
52.170659145 4.415093869
52.170585131 4.415019855
52.169509263 4.416676545
52.169416000 4.416629025
52.170503785 4.414953983
52.170416000 4.414896975
52.169328215 4.416572017
52.169246869 4.416506145
52.170322737 4.414849455
52.170225017 4.414811943
52.169172855 4.416432131
52.169096848 4.416336576
52.170106809 4.414781373
52.169985756 4.414765436
52.169033052 4.416232472
52.168982420 4.416121368
52.169863664 4.414764370
52.169725191 4.414781373
52.168941630 4.415987951
52.168918436 4.415832756
52.169573980 4.414823307
52.169400962 4.414905833
52.168923454 4.415641131
52.169058833 4.415247962
52.169096848 4.415189424
